12 12 12 12 12 12 12 12 12 12 12 12 12 12 12 12 12 12 12 12 12 12 12 12 12 12 12 12 12 12 12 12 12 12 12 12 12 12 12 12 12 12 12 12 12 12 12 12 12 12 12 12 12 12 12 12 12 12 12 12 12 12 12 12 12 12 12 12 12 12
12 12 12 12 12 12 12 12 12 12 12 12 12 12 12 12 12 12 12 12 12 12 12 12 12 12 12 12 12 12 12 12 12 12 12 12 12 12 12 12 12 12 12 12 12 12 12 12 12 12 12 12 12 12 12 12 12 12 12 12 12 12 12 12 12 12 12 12 12 12
12 12 12 12 12 12 12 12 12 12 12 12 12 12 12 12 12 12 12 12 12 12 12 12 12 12 12 12 12 13 12 12 12 12 12 12 12 12 12 12 12 12 12 12 12 12 12 12 12 12 12 12 12 12 12 12 12 12 12 12 12 12 12 12 12 12 12 12 12 12
12 12 12 13 12 12 22 20 20 20 20 20 20 20 20 20 20 20 20 20 23 12 12 12 12 12 12 12 12 13 12 12 12 12 12 13 12 12 12 12 12 12 12 12 22 20 20 20 20 20 20 20 20 23 12 12 12 12 12 12 12 12 12 12 12 12 12 12 12 12
12 12 12 12 22 20 21 11 41 11 41 11 41 11 41 11 41 11 41 9 17 12 12 12 12 12 12 12 12 12 12 12 12 12 22 20 20 20 20 20 20 20 20 20 21 41 41 41 41 41 41 41 41 19 20 23 12 12 12 12 12 12 12 12 12 13 12 12 12 12
12 12 12 12 18 41 11 41 11 41 11 41 11 41 11 41 11 41 11 41 17 12 12 13 13 12 12 12 12 12 12 12 12 12 18 41 41 41 41 41 41 41 41 41 41 41 41 41 41 41 41 41 41 41 41 17 12 12 12 12 12 12 12 12 12 12 12 12 12 12
12 12 12 12 18 11 41 11 40 40 40 40 40 40 40 40 40 11 41 11 17 12 12 12 12 12 12 12 12 13 12 12 12 22 21 41 41 26 26 26 26 26 26 26 26 26 26 26 26 26 26 26 26 26 41 19 23 12 12 12 12 12 12 12 12 12 12 12 12 12
12 12 12 12 18 41 11 41 40 39 39 39 39 39 39 39 40 41 11 41 17 12 12 12 12 12 12 12 12 12 13 12 12 18 41 41 41 26 41 41 41 41 41 41 41 41 41 41 41 41 41 41 41 26 41 41 19 23 12 12 12 12 12 12 12 12 12 12 12 12
12 12 12 12 18 11 41 11 40 39 39 39 39 39 39 39 40 11 41 11 17 12 13 12 12 13 12 13 12 12 12 12 12 18 41 41 41 26 41 41 41 14 15 15 15 15 15 15 15 15 16 41 41 26 26 26 41 19 20 20 23 12 12 12 12 12 12 12 12 12
12 12 12 12 18 41 11 41 40 39 39 39 39 39 39 39 40 41 11 41 19 23 12 12 12 12 12 12 12 12 12 12 12 21 41 26 26 26 41 41 14 25 12 12 12 12 12 12 12 12 18 41 41 41 41 26 41 41 41 41 19 20 23 12 12 12 12 12 12 12
12 12 12 12 18 9 41 11 40 40 40 40 26 40 40 40 40 11 41 11 41 17 12 12 12 12 12 12 12 22 20 20 21 41 41 26 41 41 41 41 17 12 12 12 12 12 12 12 12 12 24 15 16 41 41 26 26 26 41 41 41 41 19 23 12 12 12 12 12 12
12 12 12 12 12 16 9 41 11 41 9 41 26 41 11 41 11 41 11 41 9 17 12 12 12 13 13 22 20 21 41 41 41 41 41 26 41 41 41 41 17 12 12 12 12 12 13 12 12 12 12 12 18 41 41 41 41 26 41 41 41 41 41 17 12 12 12 12 12 12
12 12 12 12 12 24 16 9 41 9 41 11 26 11 41 11 41 11 41 9 41 17 12 12 12 13 12 18 41 41 41 41 26 26 26 26 41 41 14 15 25 12 12 13 12 12 13 12 12 12 12 22 21 41 41 41 41 26 41 41 41 41 41 19 20 23 12 12 12 12
12 12 12 13 12 12 24 15 15 15 16 41 26 41 9 41 9 41 9 41 14 25 13 12 12 12 12 18 41 41 41 41 26 41 41 26 41 14 25 12 12 13 12 12 12 13 13 12 12 12 22 21 41 41 41 41 41 26 41 41 41 41 41 41 41 19 12 12 12 12
12 12 12 12 12 12 12 12 12 12 18 10 26 26 26 41 14 15 15 15 25 12 22 20 20 20 20 21 41 41 41 41 26 41 41 26 41 19 20 20 20 20 23 12 12 12 13 12 12 12 18 41 41 41 41 41 41 26 41 41 41 41 41 41 41 41 17 12 12 12
12 12 12 12 12 12 12 12 12 12 24 16 41 41 26 41 17 12 12 12 12 22 21 41 41 41 41 41 41 26 26 26 26 41 41 26 41 41 41 41 41 41 17 12 12 12 12 12 12 22 21 41 41 41 41 41 41 26 41 41 41 41 41 41 41 41 17 12 12 12
12 12 12 12 12 12 12 12 12 12 12 18 41 41 26 41 19 20 20 20 20 21 41 41 41 41 41 41 41 26 41 41 41 41 41 26 41 41 26 26 26 41 17 12 13 13 12 12 12 18 41 41 41 41 41 41 41 26 41 41 41 41 41 41 41 41 17 12 12 12
12 12 12 13 12 12 12 12 12 12 12 18 41 41 26 41 41 41 41 41 41 41 41 41 26 26 26 26 26 26 41 41 41 41 41 26 41 41 26 41 41 41 17 12 12 12 12 12 13 18 40 40 40 40 40 40 40 26 40 40 40 40 40 40 40 40 17 12 12 12
12 12 12 12 12 12 13 12 12 12 12 18 41 41 26 26 26 26 26 26 41 41 41 41 26 41 41 41 26 41 41 41 41 41 41 26 41 41 26 41 41 41 17 12 12 13 12 12 12 18 40 40 39 39 39 39 39 39 39 39 39 39 39 40 40 14 25 12 12 12
12 13 12 12 12 12 12 12 12 12 12 18 41 41 26 41 41 41 41 26 41 41 41 41 26 41 41 41 26 41 41 41 41 26 26 26 26 26 26 41 41 41 17 12 12 13 13 13 12 18 40 40 39 39 39 39 39 39 39 39 39 39 39 40 40 17 13 12 12 12
12 12 12 12 12 13 12 12 12 12 12 18 41 41 26 41 41 41 41 26 26 26 26 26 26 41 41 41 26 41 41 41 41 26 41 41 41 41 26 41 41 41 17 12 12 12 12 13 12 18 40 40 39 39 39 39 39 39 39 40 40 40 40 40 14 25 12 12 12 12
12 12 12 12 12 12 12 12 12 12 12 18 41 41 26 41 41 41 41 26 41 41 41 41 41 41 41 41 26 41 41 41 41 26 41 41 41 41 26 41 41 41 19 23 12 12 12 13 12 18 40 40 40 39 39 39 39 39 40 40 40 40 14 15 25 12 12 12 12 12
12 12 12 12 13 12 12 12 13 12 12 18 41 41 26 26 26 26 26 26 41 41 41 26 26 26 26 26 26 26 26 26 41 26 41 41 41 41 26 26 26 41 41 17 12 12 13 12 12 18 40 40 40 39 39 39 39 40 40 14 15 15 25 12 12 12 12 12 12 12
12 12 12 12 12 12 12 13 12 12 12 18 41 41 3 41 26 41 41 41 41 41 41 26 41 41 41 41 26 41 41 26 26 26 26 26 41 41 41 41 26 41 41 17 12 12 13 12 12 24 15 16 40 40 40 40 40 40 14 25 12 12 12 12 12 12 12 12 12 12
13 13 12 12 12 12 12 12 12 12 12 18 41 41 41 41 26 41 41 41 41 41 41 26 41 41 41 41 26 41 41 41 41 41 41 26 41 41 41 41 26 41 41 17 12 12 12 12 12 12 12 24 15 16 40 40 40 14 25 12 12 12 12 12 12 12 12 12 12 12
12 12 12 12 13 12 12 12 12 12 12 18 41 41 41 41 26 26 26 26 26 26 26 26 26 41 41 41 26 41 41 41 41 41 41 26 26 26 41 41 26 41 41 17 12 12 13 12 12 13 12 12 12 24 15 15 15 25 12 12 12 12 12 12 12 12 13 12 12 12
12 12 12 12 12 12 12 12 12 12 12 18 41 41 41 41 41 41 41 26 41 41 41 41 26 41 41 26 26 26 26 41 41 41 41 41 41 26 41 41 26 41 41 17 12 12 12 12 12 12 12 12 12 12 12 13 12 12 12 12 13 12 12 12 12 13 12 12 12 12
12 12 12 12 12 12 12 12 12 12 12 18 41 41 41 41 41 41 41 26 41 41 41 41 26 41 41 26 41 41 26 41 41 41 41 41 41 26 41 41 41 41 41 19 23 12 22 20 20 20 20 20 20 23 12 12 12 12 12 12 12 12 12 12 12 12 12 12 12 12
12 12 12 13 22 20 20 20 23 12 12 18 41 41 41 41 41 41 41 26 41 41 41 41 26 41 41 26 41 41 26 26 26 26 26 26 26 26 41 41 41 41 41 41 17 12 18 41 9 41 9 41 9 19 20 23 12 12 12 13 12 12 12 12 13 12 12 12 12 12
12 12 12 22 21 8 8 8 19 20 20 21 41 41 41 41 26 26 26 26 26 26 26 26 26 41 41 26 41 41 26 41 41 41 41 41 41 26 41 41 41 41 41 41 17 12 18 9 41 9 41 9 41 5 41 17 12 12 12 12 12 12 12 12 12 12 12 12 12 12
12 12 12 18 8 11 8 8 8 8 41 41 41 41 41 41 26 41 41 41 41 26 41 41 26 41 41 26 41 41 26 41 41 41 41 41 41 26 41 41 41 26 26 41 17 12 18 8 8 8 26 26 26 41 5 19 23 12 12 12 12 12 12 12 12 12 13 12 12 12
12 12 12 18 8 8 8 11 8 8 26 26 26 26 26 26 26 41 41 41 41 26 41 41 26 26 26 26 26 26 26 26 26 26 26 41 41 26 41 41 41 26 41 41 17 12 18 41 5 41 5 41 26 9 41 5 19 20 20 20 20 20 23 12 12 12 13 12 12 12
12 12 12 18 11 8 8 8 8 8 41 41 41 41 41 41 26 41 41 41 41 26 41 41 41 41 41 26 41 41 41 41 41 41 26 41 41 26 41 41 41 26 41 41 17 12 24 15 15 15 16 5 26 26 26 5 41 5 41 5 41 5 19 20 23 12 12 12 12 12
12 12 12 18 8 8 8 8 11 14 15 15 15 16 41 41 26 26 26 26 26 26 26 26 26 41 41 26 41 41 41 41 41 41 26 26 26 26 26 26 26 26 41 41 17 12 12 12 12 12 24 16 41 5 26 26 26 41 9 41 9 41 5 5 17 12 12 13 12 12
12 12 12 18 8 11 8 8 8 17 12 12 12 18 41 41 41 41 41 26 41 41 41 41 26 41 41 26 26 26 26 26 41 41 26 41 41 41 26 41 41 41 41 14 25 12 12 12 12 12 12 24 16 5 41 9 26 9 41 9 41 9 41 5 19 23 12 12 12 12
12 12 12 24 15 15 16 11 8 17 12 12 12 24 16 41 41 41 41 26 41 41 41 41 26 26 26 26 41 41 41 26 41 41 26 41 41 41 26 41 41 41 14 25 12 12 12 12 12 12 12 12 18 41 5 41 26 26 26 26 9 41 9 41 5 17 12 12 13 12
12 12 12 12 12 12 24 15 15 25 12 12 12 12 24 16 41 41 26 26 26 41 41 41 41 41 41 41 41 41 41 26 41 41 26 41 41 41 26 41 41 14 25 12 12 12 12 12 12 12 12 12 18 5 41 9 41 9 41 26 41 9 41 9 41 17 12 12 12 12
12 12 12 13 12 12 13 12 12 12 12 13 12 12 12 24 16 41 41 41 26 41 41 41 41 41 41 41 41 41 41 26 41 41 26 41 41 41 26 41 41 17 12 12 12 12 22 20 20 20 20 20 21 41 9 41 9 41 9 26 26 26 26 41 5 19 23 12 12 13
12 12 12 13 12 12 12 12 12 12 12 13 12 12 12 12 18 41 41 41 26 26 26 26 26 26 26 26 26 26 26 26 26 26 26 41 41 41 26 41 41 17 12 12 12 12 18 5 10 5 10 5 41 5 41 9 41 9 41 10 41 9 26 9 41 5 17 12 12 12
12 12 12 12 12 12 12 12 12 12 12 13 12 12 12 12 24 15 16 41 26 41 41 41 41 41 41 41 41 41 41 41 41 41 41 41 41 41 26 41 41 19 23 12 12 22 21 5 26 26 26 26 26 26 26 41 10 41 10 41 9 41 26 41 9 41 17 12 13 12
12 12 12 12 12 12 12 12 13 12 12 13 12 12 12 12 12 12 24 16 1 14 15 15 15 15 15 15 15 15 15 15 15 15 16 9 9 9 26 9 5 5 17 22 20 21 5 10 26 10 5 10 41 5 26 9 41 9 41 9 41 9 26 9 41 5 17 12 12 12
12 12 12 12 12 12 12 12 12 12 12 13 12 12 12 12 12 12 12 18 1 17 12 12 12 12 12 12 12 12 12 12 12 12 24 16 9 9 26 9 9 5 19 21 5 5 10 9 26 5 10 14 16 40 26 40 40 40 40 40 40 40 26 40 40 40 17 12 12 12
12 12 12 13 13 13 12 12 12 13 12 13 12 12 12 12 12 12 12 18 1 17 12 12 12 12 12 12 12 12 12 12 12 12 12 18 9 9 26 9 9 5 5 0 0 9 26 26 26 10 14 25 18 41 26 41 10 41 9 41 10 41 26 9 41 5 17 12 13 12
12 12 12 13 12 12 12 12 12 12 12 12 13 12 12 12 12 12 12 18 1 17 12 13 12 12 12 13 12 12 13 12 12 12 12 24 16 9 26 26 26 26 26 26 26 26 26 9 5 14 25 22 21 5 26 26 26 26 26 26 26 26 26 41 9 41 17 12 12 12
12 12 12 12 12 12 12 12 12 12 12 12 13 13 13 13 12 12 12 18 1 17 12 12 12 12 12 12 12 12 12 12 12 12 12 12 18 9 9 9 26 5 5 5 5 5 5 5 5 17 12 18 5 41 26 9 41 9 41 9 41 9 26 9 41 5 17 13 12 12
12 12 22 20 20 20 20 20 20 23 12 12 12 12 12 12 12 12 12 18 1 17 12 12 12 12 12 12 13 13 12 12 12 13 12 12 18 40 40 40 26 40 14 15 15 15 15 15 15 25 12 18 41 9 26 41 9 41 9 41 9 41 26 41 9 41 17 12 12 12
12 22 21 11 41 11 41 11 41 19 23 12 12 12 12 12 12 12 12 18 1 17 12 13 12 12 13 12 13 12 12 12 12 12 12 13 24 16 40 40 26 40 17 12 12 12 12 12 12 12 12 18 5 41 26 26 41 9 41 9 41 9 26 9 41 5 17 12 12 12
12 18 11 41 11 26 9 41 11 41 17 12 12 13 12 12 22 20 20 21 1 19 23 12 12 12 13 12 12 12 12 12 12 12 12 12 12 18 9 31 26 30 19 20 23 12 12 12 12 12 12 18 41 9 9 26 26 26 26 26 9 41 26 41 9 41 17 12 13 12
12 21 41 11 41 26 41 11 41 11 19 20 20 20 20 20 21 35 33 34 26 30 17 12 12 12 12 12 13 12 12 12 13 12 12 12 12 18 11 31 26 32 11 9 19 23 12 12 13 12 12 18 10 41 10 41 10 41 10 26 41 11 26 26 26 11 17 12 12 12
18 41 11 26 26 26 11 41 11 41 11 41 11 41 40 40 11 31 26 26 26 30 17 12 12 13 12 12 12 12 12 12 12 12 12 12 12 24 16 31 26 26 32 36 9 17 12 12 12 12 12 24 16 11 41 11 41 11 41 26 11 41 11 41 11 41 17 12 12 12
18 11 41 26 41 11 41 9 41 9 41 9 41 11 40 40 5 31 26 27 28 38 19 12 12 12 12 12 12 12 12 12 12 12 12 12 12 12 18 37 29 26 26 30 11 17 12 12 12 12 12 12 18 41 11 41 11 41 11 26 41 11 41 11 14 15 25 12 12 12
18 41 11 26 11 41 11 41 11 41 11 41 11 41 40 40 9 31 26 32 33 33 36 9 19 13 12 12 12 12 13 13 12 12 12 13 12 12 24 16 37 29 26 30 9 17 12 13 12 12 13 12 24 16 41 11 41 11 41 26 41 14 15 15 25 12 12 12 12 12
18 11 41 26 41 11 41 11 41 11 41 11 41 11 40 40 11 31 26 26 26 26 30 9 9 19 23 12 12 12 12 12 12 12 12 12 12 12 12 18 9 31 26 11 9 17 12 12 12 12 12 12 12 24 15 15 16 40 40 26 40 19 23 12 12 13 12 12 13 12
18 41 11 26 9 41 9 41 3 41 11 41 11 41 40 40 9 37 11 28 29 26 30 11 9 9 19 20 20 20 20 20 20 20 20 20 20 20 20 21 9 31 26 30 9 17 12 12 12 12 12 12 12 12 12 12 18 40 40 26 40 40 19 23 12 12 12 12 12 12
18 11 41 26 26 26 26 26 26 26 26 26 26 26 26 26 0 0 0 0 31 26 30 9 9 11 9 9 9 11 9 9 11 9 9 33 33 33 33 33 33 34 26 30 9 17 12 12 12 13 12 12 12 12 12 12 18 40 40 26 40 40 40 19 23 12 12 12 12 12
18 41 11 41 11 41 11 41 11 41 11 41 11 41 40 40 11 0 9 9 31 26 32 33 33 33 33 33 33 33 33 33 33 33 34 26 26 26 26 26 26 26 26 30 11 17 12 12 12 12 12 12 13 12 12 12 21 40 40 26 40 40 40 40 19 23 12 12 12 12
18 11 41 11 41 11 41 11 41 11 41 11 41 26 26 26 0 0 11 0 31 26 26 26 26 26 26 26 26 26 26 26 26 26 26 26 27 28 28 28 28 28 28 38 9 17 13 12 12 12 12 12 12 22 20 21 40 40 40 8 40 40 40 40 40 17 13 12 12 12
18 41 11 41 11 41 9 41 9 41 11 41 11 26 40 40 0 0 0 0 37 28 28 28 28 28 29 26 27 28 28 28 28 28 28 28 38 9 9 11 9 9 9 9 14 25 12 12 13 12 12 12 22 21 41 11 41 11 41 11 41 11 41 11 41 17 12 12 12 12
24 16 41 11 41 9 41 9 41 11 41 11 41 26 40 40 9 11 9 9 9 9 9 9 9 9 31 26 30 8 14 15 16 9 11 9 9 9 9 9 9 14 15 15 25 12 12 12 12 12 12 22 21 41 11 41 11 41 11 11 11 41 11 41 11 17 12 12 12 12
12 18 11 41 11 41 9 41 11 41 26 26 26 26 40 40 9 9 14 15 15 15 15 15 16 40 40 26 40 40 19 12 24 16 9 9 9 9 11 9 14 25 12 12 12 12 12 12 22 20 20 21 41 11 41 11 41 11 41 8 41 11 41 11 41 17 12 12 13 12
12 18 41 11 41 9 41 11 26 26 26 41 11 41 40 40 9 14 25 12 12 12 12 12 24 16 40 26 40 40 40 19 12 24 15 15 15 15 15 15 25 12 12 12 12 12 12 12 18 41 11 41 11 41 11 41 11 41 8 8 8 41 11 41 8 17 12 12 12 12
12 18 11 41 11 41 11 41 26 11 41 11 41 11 40 14 15 25 12 12 13 12 12 12 12 18 31 26 32 33 33 36 19 12 23 12 12 12 12 12 12 12 12 12 13 12 12 12 18 8 41 11 41 8 41 35 33 33 33 33 33 33 36 8 8 17 12 12 12 12
12 18 41 11 41 11 41 11 26 41 14 15 15 15 15 25 12 12 12 12 12 12 12 12 12 18 31 26 26 26 26 32 36 8 19 20 20 23 22 20 20 20 20 20 20 20 20 20 21 8 8 41 8 41 8 31 26 26 26 26 26 26 30 11 8 17 12 12 12 12
12 18 11 41 11 26 26 26 26 11 17 12 12 12 12 12 12 12 12 12 12 12 12 13 12 18 37 28 28 29 26 26 32 41 8 41 8 19 21 8 41 8 41 8 41 8 41 8 41 8 41 8 41 8 8 31 26 27 28 28 28 28 38 8 14 25 12 12 12 12
12 24 16 11 41 11 11 41 11 41 17 12 12 12 13 12 12 12 13 12 12 12 12 12 12 24 15 15 16 37 29 26 26 32 33 33 33 33 33 33 33 33 33 33 33 33 33 33 33 33 33 33 33 33 33 34 26 30 41 8 41 8 14 15 25 12 12 12 13 12
12 12 24 15 15 15 15 15 15 15 25 12 12 12 12 12 12 12 12 12 12 12 12 12 12 12 12 12 24 16 37 29 26 26 26 26 26 26 26 26 26 26 26 26 26 26 26 26 26 26 26 26 26 26 26 26 26 30 8 41 8 14 25 12 12 13 12 12 12 12
12 12 12 12 12 12 12 12 12 12 13 12 12 12 12 12 12 12 12 12 13 12 12 12 12 12 12 13 12 18 11 37 28 28 28 28 28 28 28 28 28 28 28 28 28 28 28 28 28 28 28 28 28 28 28 28 28 38 41 8 8 17 12 12 12 12 12 12 12 12
12 12 12 12 13 12 12 12 12 12 12 12 12 12 12 12 13 12 12 12 12 12 13 12 12 12 12 12 12 24 15 16 41 11 41 11 41 11 11 41 11 41 11 41 11 41 11 41 11 41 11 41 11 41 11 41 11 41 11 41 8 17 12 12 12 12 12 12 12 12
12 13 12 12 12 12 12 12 12 12 12 12 12 13 12 12 12 12 12 13 12 12 12 12 12 12 12 12 13 12 12 24 15 15 15 15 15 15 15 15 15 15 15 15 15 15 15 15 15 15 15 15 15 15 15 15 15 15 15 15 15 25 12 12 12 12 12 12 13 12
12 12 12 12 12 12 12 13 12 12 12 12 12 12 12 12 12 12 12 12 12 12 12 12 12 12 12 12 12 12 12 12 12 12 12 12 12 12 12 12 12 12 12 12 12 12 12 12 12 12 12 12 12 12 12 12 12 12 12 12 12 12 12 12 12 12 12 12 12 12
